Program, version, options       text8       enwik8    t8/e8  Alg  Mem  fil9 size    ratio   f9/e9   Error  Note
----------------------------  ----------  ----------  -----  ---  ---  ------------------  ------  ------  ----
paq8h -7                      17,461,782  17,674,700  .9879  CM   854  108,316,091  .1519  1.0320  -.0441
durilca 05 -m800 -o12 -t2(3)  17,712,518  18,520,589  .9563  PPM  700
xwrt|ppmonstr -f800 -m800 -o8 18,059,570  19,043,178  .9483  CM   800  108,740,992  .1525   .9854  -.0371
ppmonstr J -m800 -o16         18,649,962  19,230,657  .9698  PPM  800  116,872,140  .1639  1.0149  -.0451
slim23d -m700 -o10            18,421,266  19,264,094  .9562  PPM  700  115,433,736  .1619   .9960  -.0398
ash 04a /m700 /o10            18,680,324  19,963,105  .9357  CM   700  121,001,817  .1697   .9389  -.0032
WinUDA 2.91 mode 3            19,282,080  20,332,366  .9488  CM   194
uhbc 1.0 -m3 -b800            19,724,021  20,930,838  .9424  BWT  800
hipp 5819 /o8                 20,026,417  20,555,951  .9743  CM   719
ppmd J -m256 -o10 -r1         20,029,751  21,388,296  .9365  PPM  256  127,644,785  .1790   .9731  -.0366
enc 0.15 aq                   20,361,492  22,156,982  .9190  CM    50  132,364,111  .1856   .9490  -.0283
M03exp 2005-02-15 (32 MB)     20,495,661  21,948,192  .9338  BWT   32                                      14
ocamyd LTCB 1.0 -s0 -m3       20,683,435  21,285,121  .9696  DMC  300                                       6
sbc 0.970r2 -ad -m3 -b63      20,723,754  22,470,539  .9222  BWT  224  133,110,739  .1867   .9473  -.0251
bssc 0.95a -b16383            21,395,109  23,117,061  .8948  BWT  140
ocamyd 1.65f -s0 -m8          21,419,608  21,456,536  .9983  DMC  800
GRZipII 0.2.4 -b8m            22,019,644  23,846,878  .9233  BWT   58  141,150,532  .1979   .9471  -.0238
uharc 0.6b -mx -md32768       22,841,858  23,911,123  .9552  PPM   50  147,933,009  .2075   .9977  -.0425
px v1.0                       23,846,604  24,971,871  .9549  CM    66
cabarc 1.00.0601 -m lzx:21    25,662,446  28,465,607  .9015  LZ77  20  165,676,761  .2323   .9266  -.0251
bzip2 1.0.2 -9                26,395,400  29,008,736  .9099  BWT    8  169,311,654  .2374   .9349  -.0250
kzip 5/13/06  /b1024          31,344,016  35,016,649  .8951  LZ77 121
gzip 1.3.5 -9                 33,048,240  36,445,248  .9068  LZ77   1  213,697,635  .2997   .9290  -.0222
pkzip 2.0.4                   33,319,889  36,934,712  .9021  LZ77   1  215,527,700  .3023   .9226  -.0245
lzop v1.01 -9                 38,806,161  41,217,688  .9415  LZ77   1  251,384,828  .3525   .9623  -.0408
compress 4.3d                 39,179,237  45,763,941  .8561  LZW    1  259,977,297  .3645   .8587  -.0026
fpaq0                         51,551,380  63,391,013  .8132  o0     1  366,426,423  .5139   .8011  +.0121
Uncompressed                 100,000,000 100,000,000 1.0000            713,069,767 1.0000  1.0000   .0000
texto a grabar
texto a grabar
texto a grabar
